iptat_25: 1.6424718048032845e-06
iptat_slope: 4.455610751929578e-09
