iptat_25: 1.632702628574863e-06
iptat_slope: 4.5641204338543815e-09
