iptat_25: 1.947038513088459e-06
iptat_slope: 3.413206881147757e-09
