iptat_25: 2.153736469508717e-06
iptat_slope: 6.809922044000715e-09
