iptat_25: 2.1042545879034145e-06
iptat_slope: 6.653787139699099e-09
