iptat_25: 1.596530532928359e-06
iptat_slope: 4.294121399650796e-09
