iptat_25: 1.736251767875466e-06
iptat_slope: 3.815601447030765e-09
