iptat_25: 1.6995829718990492e-06
iptat_slope: 4.74006999376263e-09
