iptat_25: 2.099743992503188e-06
iptat_slope: 6.346800040324632e-09
