iptat_25: 1.3077509303645917e-06
iptat_slope: 3.269757321672029e-09
