iptat_25: 1.672645622861228e-06
iptat_slope: 4.678235208784067e-09
