iptat_25: 2.093331897829933e-06
iptat_slope: 6.321372413582537e-09
